name: wofost
channels:
  - conda-forge
  - defaults
dependencies:
  - astroid=3.0.1=py311h1ea47a8_0
  - black=23.11.0=py311haa95532_0
  - bzip2=1.0.8=hcfcfb64_5
  - ca-certificates=2023.11.17=h56e8100_0
  - certifi=2023.11.17=pyhd8ed1ab_0
  - cffi=1.16.0=py311h2bbff1b_0
  - cfgv=3.4.0=py311haa95532_0
  - click=8.1.7=win_pyh7428d3b_0
  - colorama=0.4.6=pyhd8ed1ab_0
  - dill=0.3.7=pyhd8ed1ab_0
  - distlib=0.3.7=pyhd8ed1ab_0
  - filelock=3.13.1=pyhd8ed1ab_0
  - identify=2.5.32=pyhd8ed1ab_0
  - intel-openmp=2023.2.0=h57928b3_50497
  - isort=5.12.0=pyhd8ed1ab_1
  - krb5=1.21.2=heb0366b_0
  - lerc=4.0.0=h63175ca_0
  - libblas=3.9.0=20_win64_mkl
  - libcblas=3.9.0=20_win64_mkl
  - libcurl=8.4.0=hd5e4a3a_0
  - libdeflate=1.19=hcfcfb64_0
  - libexpat=2.5.0=h63175ca_1
  - libffi=3.4.4=hd77b12b_0
  - libhwloc=2.9.3=default_haede6df_1009
  - libiconv=1.17=h8ffe710_0
  - libjpeg-turbo=3.0.0=hcfcfb64_1
  - liblapack=3.9.0=20_win64_mkl
  - libpq=16.1=h43585b0_0
  - libsqlite=3.44.2=hcfcfb64_0
  - libssh2=1.11.0=h7dfc565_0
  - libtiff=4.6.0=h6e2ebb7_2
  - libxml2=2.11.6=hc3477c8_0
  - libzlib=1.2.13=hcfcfb64_5
  - mccabe=0.7.0=pyhd8ed1ab_0
  - mkl=2023.2.0=h6a75c08_50497
  - mypy_extensions=1.0.0=pyha770c72_0
  - nodeenv=1.8.0=pyhd8ed1ab_0
  - numpy=1.26.2=py311h0b4df5a_0
  - openssl=3.1.4=hcfcfb64_0
  - packaging=23.2=pyhd8ed1ab_0
  - pandas=2.1.3=py311hf63dbb6_0
  - pathspec=0.11.2=pyhd8ed1ab_0
  - pip=23.3.1=pyhd8ed1ab_0
  - platformdirs=4.0.0=pyhd8ed1ab_0
  - pre-commit=3.5.0=pyha770c72_0
  - proj=9.3.0=he13c7e8_2
  - psycopg2=2.9.7=py311h2abc067_1
  - pthreads-win32=2.9.1=hfa6e2cd_3
  - pycparser=2.21=pyhd8ed1ab_0
  - pylint=3.0.2=pyhd8ed1ab_0
  - pyproj=3.6.1=py311h517f58c_4
  - python=3.11.6=h2628c8c_0_cpython
  - python-dateutil=2.8.2=pyhd8ed1ab_0
  - python-tzdata=2023.3=pyhd8ed1ab_0
  - python_abi=3.11=4_cp311
  - pytz=2023.3.post1=pyhd8ed1ab_0
  - pyyaml=6.0.1=py311h2bbff1b_0
  - setuptools=68.2.2=pyhd8ed1ab_0
  - six=1.16.0=pyh6c4a22f_0
  - sqlite=3.44.2=hcfcfb64_0
  - tbb=2021.10.0=h91493d7_2
  - tk=8.6.13=h5226925_1
  - tomli=2.0.1=pyhd8ed1ab_0
  - tomlkit=0.12.3=pyha770c72_0
  - tqdm=4.66.1=pyhd8ed1ab_0
  - typing_extensions=4.8.0=pyha770c72_0
  - tzdata=2023c=h71feb2d_0
  - ucrt=10.0.22621.0=h57928b3_0
  - ukkonen=1.0.1=py311h59b6b97_0
  - vc=14.3=h64f974e_17
  - vc14_runtime=14.36.32532=hdcecf7f_17
  - virtualenv=20.24.7=pyhd8ed1ab_0
  - vs2015_runtime=14.36.32532=h05e6639_17
  - wheel=0.42.0=pyhd8ed1ab_0
  - xarray=2023.11.0=pyhd8ed1ab_0
  - xz=5.4.2=h8cc25b3_0
  - yaml=0.2.5=h8ffe710_2
  - zstd=1.5.5=h12be248_0
  - pip:
      - charset-normalizer==3.3.2
      - contourpy==1.2.0
      - cycler==0.12.1
      - decorator==5.1.1
      - et-xmlfile==1.1.0
      - fonttools==4.46.0
      - greenlet==3.0.1
      - idna==3.6
      - ipython-genutils==0.2.0
      - kiwisolver==1.4.5
      - matplotlib==3.8.2
      - openpyxl==3.1.2
      - pcse==5.5.5
      - pillow==10.1.0
      - pyparsing==3.1.1
      - requests==2.31.0
      - rosetta-soil==0.1.1
      - soiltexture==1.0.4
      - sqlalchemy==1.4.50
      - traitlets-pcse==5.0.0.dev0
      - urllib3==2.1.0
prefix: C:\Users\mcm216\Miniconda3\envs\wofost
